S9 91,91,91
U15 0,114,153
S1 214,214,214
A 255,0,191
G1 0,255,0 
A1 224,0,224
A2 255,159,127 
A3 255,127,255
A4 0,153,114
A5 255,0,63
A6 153,76,114
A7 204,51,0
B1 255,0,0
E1 127,191,255
R2 255,255,0
B 255,0,0
B2 255,127,127
B31 255,63,0
E2 191,255,102
E3 153,204,102
M1 204,153,102
G2 0,153,0
G3 127,255,191
S 214,214,214
M 127,95,63
M2 204,102,102
M3 76,57,38
S3 128,128,128
S41 192,192,192
U11 0,114,153
U12 0,114,153
U13 0,114,153
U14 0,114,153
U21 0,38,153
U31 63,95,127
W 153,102,204
W1 191,127,255
